# 3ds Max Wavefront OBJ Exporter v0.97b - (c)2007 guruware
# 创建的文件:16.09.2017 21:52:56

#
# object Box005
#

v  -21.917494 0.000000 -21.913427
v  -38.780697 0.000000 -34.165260
v  -28.414677 0.000000 -12.970819
v  -45.277878 0.000000 -25.222651
v  -21.917494 2.489707 -21.913427
v  -38.780697 2.489707 -34.165260
v  -28.414677 2.489707 -12.970819
v  -45.277878 2.489707 -25.222651
# 8 vertices

vn 0.000000 -1.000000 -0.000000
vn 0.000000 1.000000 -0.000000
vn 0.587785 0.000000 -0.809017
vn -0.809017 0.000000 -0.587785
vn -0.587785 0.000000 0.809017
vn 0.809017 0.000000 0.587785
# 6 vertex normals

vt 1.000000 0.000000 0.000000
vt 1.000000 1.000000 0.000000
vt 0.000000 1.000000 0.000000
vt 0.000000 0.000000 0.000000
# 4 texture coords

g Box005
s 2
f -8/-4/-6 -6/-3/-6 -5/-2/-6 -7/-1/-6 
s 4
f -4/-1/-5 -3/-4/-5 -1/-3/-5 -2/-2/-5 
s 8
f -8/-1/-4 -7/-4/-4 -3/-3/-4 -4/-2/-4 
s 16
f -7/-1/-3 -5/-4/-3 -1/-3/-3 -3/-2/-3 
s 32
f -5/-1/-2 -6/-4/-2 -2/-3/-2 -1/-2/-2 
s 64
f -6/-1/-1 -8/-4/-1 -4/-3/-1 -2/-2/-1 
# 6 polygons

#
# object Box003
#

v  14.868918 0.000000 -27.034510
v  21.310085 0.000000 -46.858391
v  4.356255 0.000000 -30.450281
v  10.797421 0.000000 -50.274162
v  14.868918 2.489707 -27.034510
v  21.310085 2.489707 -46.858391
v  4.356255 2.489707 -30.450281
v  10.797421 2.489707 -50.274162
# 8 vertices

vn 0.000000 -1.000000 -0.000000
vn 0.000000 1.000000 -0.000000
vn 0.951056 0.000000 0.309017
vn 0.309017 0.000000 -0.951056
vn -0.951056 0.000000 -0.309017
vn -0.309017 0.000000 0.951056
# 6 vertex normals

vt 1.000000 0.000000 0.000000
vt 1.000000 1.000000 0.000000
vt 0.000000 1.000000 0.000000
vt 0.000000 0.000000 0.000000
# 4 texture coords

g Box003
s 2
f -8/-4/-6 -6/-3/-6 -5/-2/-6 -7/-1/-6 
s 4
f -4/-1/-5 -3/-4/-5 -1/-3/-5 -2/-2/-5 
s 8
f -8/-1/-4 -7/-4/-4 -3/-3/-4 -4/-2/-4 
s 16
f -7/-1/-3 -5/-4/-3 -1/-3/-3 -3/-2/-3 
s 32
f -5/-1/-2 -6/-4/-2 -2/-3/-2 -1/-2/-2 
s 64
f -6/-1/-1 -8/-4/-1 -4/-3/-1 -2/-2/-1 
# 6 polygons

#
# object Box002
#

v  28.414673 0.000000 -12.970821
v  45.277870 0.000000 -25.222654
v  21.917488 0.000000 -21.913427
v  38.780685 0.000000 -34.165260
v  28.414673 2.489707 -12.970821
v  45.277870 2.489707 -25.222654
v  21.917488 2.489707 -21.913427
v  38.780685 2.489707 -34.165260
# 8 vertices

vn 0.000000 -1.000000 -0.000000
vn 0.000000 1.000000 -0.000000
vn 0.587785 0.000000 0.809017
vn 0.809017 0.000000 -0.587785
vn -0.587785 0.000000 -0.809017
vn -0.809017 0.000000 0.587785
# 6 vertex normals

vt 1.000000 0.000000 0.000000
vt 1.000000 1.000000 0.000000
vt 0.000000 1.000000 0.000000
vt 0.000000 0.000000 0.000000
# 4 texture coords

g Box002
s 2
f -8/-4/-6 -6/-3/-6 -5/-2/-6 -7/-1/-6 
s 4
f -4/-1/-5 -3/-4/-5 -1/-3/-5 -2/-2/-5 
s 8
f -8/-1/-4 -7/-4/-4 -3/-3/-4 -4/-2/-4 
s 16
f -7/-1/-3 -5/-4/-3 -1/-3/-3 -3/-2/-3 
s 32
f -5/-1/-2 -6/-4/-2 -2/-3/-2 -1/-2/-2 
s 64
f -6/-1/-1 -8/-4/-1 -4/-3/-1 -2/-2/-1 
# 6 polygons

#
# object Box004
#

v  -4.356257 0.000000 -30.450281
v  -10.797426 0.000000 -50.274162
v  -14.868921 0.000000 -27.034510
v  -21.310089 0.000000 -46.858391
v  -4.356257 2.489707 -30.450281
v  -10.797426 2.489707 -50.274162
v  -14.868921 2.489707 -27.034510
v  -21.310089 2.489707 -46.858391
# 8 vertices

vn 0.000000 -1.000000 -0.000000
vn 0.000000 1.000000 -0.000000
vn 0.951056 0.000000 -0.309017
vn -0.309017 0.000000 -0.951056
vn -0.951056 0.000000 0.309017
vn 0.309017 0.000000 0.951056
# 6 vertex normals

vt 1.000000 0.000000 0.000000
vt 1.000000 1.000000 0.000000
vt 0.000000 1.000000 0.000000
vt 0.000000 0.000000 0.000000
# 4 texture coords

g Box004
s 2
f -8/-4/-6 -6/-3/-6 -5/-2/-6 -7/-1/-6 
s 4
f -4/-1/-5 -3/-4/-5 -1/-3/-5 -2/-2/-5 
s 8
f -8/-1/-4 -7/-4/-4 -3/-3/-4 -4/-2/-4 
s 16
f -7/-1/-3 -5/-4/-3 -1/-3/-3 -3/-2/-3 
s 32
f -5/-1/-2 -6/-4/-2 -2/-3/-2 -1/-2/-2 
s 64
f -6/-1/-1 -8/-4/-1 -4/-3/-1 -2/-2/-1 
# 6 polygons

#
# object Box009
#

v  4.356260 0.000000 32.134495
v  10.797432 0.000000 51.958374
v  14.868923 0.000000 28.718719
v  21.310095 0.000000 48.542599
v  4.356260 2.489707 32.134495
v  10.797432 2.489707 51.958374
v  14.868923 2.489707 28.718719
v  21.310095 2.489707 48.542599
# 8 vertices

vn 0.000000 -1.000000 -0.000000
vn 0.000000 1.000000 -0.000000
vn -0.951056 0.000000 0.309017
vn 0.309017 0.000000 0.951056
vn 0.951056 0.000000 -0.309017
vn -0.309017 0.000000 -0.951056
# 6 vertex normals

vt 1.000000 0.000000 0.000000
vt 1.000000 1.000000 0.000000
vt 0.000000 1.000000 0.000000
vt 0.000000 0.000000 0.000000
# 4 texture coords

g Box009
s 2
f -8/-4/-6 -6/-3/-6 -5/-2/-6 -7/-1/-6 
s 4
f -4/-1/-5 -3/-4/-5 -1/-3/-5 -2/-2/-5 
s 8
f -8/-1/-4 -7/-4/-4 -3/-3/-4 -4/-2/-4 
s 16
f -7/-1/-3 -5/-4/-3 -1/-3/-3 -3/-2/-3 
s 32
f -5/-1/-2 -6/-4/-2 -2/-3/-2 -1/-2/-2 
s 64
f -6/-1/-1 -8/-4/-1 -4/-3/-1 -2/-2/-1 
# 6 polygons

#
# object Box006
#

v  -31.106991 0.000000 -4.684720
v  -51.951050 0.000000 -4.684713
v  -31.106987 0.000000 6.368950
v  -51.951046 0.000000 6.368957
v  -31.106991 2.489707 -4.684720
v  -51.951050 2.489707 -4.684713
v  -31.106987 2.489707 6.368950
v  -51.951046 2.489707 6.368957
# 8 vertices

vn 0.000000 -1.000000 -0.000000
vn 0.000000 1.000000 -0.000000
vn -0.000000 0.000000 -1.000000
vn -1.000000 0.000000 0.000000
vn 0.000000 0.000000 1.000000
vn 1.000000 0.000000 -0.000000
# 6 vertex normals

vt 1.000000 0.000000 0.000000
vt 1.000000 1.000000 0.000000
vt 0.000000 1.000000 0.000000
vt 0.000000 0.000000 0.000000
# 4 texture coords

g Box006
s 2
f -8/-4/-6 -6/-3/-6 -5/-2/-6 -7/-1/-6 
s 4
f -4/-1/-5 -3/-4/-5 -1/-3/-5 -2/-2/-5 
s 8
f -8/-1/-4 -7/-4/-4 -3/-3/-4 -4/-2/-4 
s 16
f -7/-1/-3 -5/-4/-3 -1/-3/-3 -3/-2/-3 
s 32
f -5/-1/-2 -6/-4/-2 -2/-3/-2 -1/-2/-2 
s 64
f -6/-1/-1 -8/-4/-1 -4/-3/-1 -2/-2/-1 
# 6 polygons

#
# object Box007
#

v  -28.414669 0.000000 14.655042
v  -45.277863 0.000000 26.906879
v  -21.917480 0.000000 23.597645
v  -38.780674 0.000000 35.849483
v  -28.414669 2.489707 14.655042
v  -45.277863 2.489707 26.906879
v  -21.917480 2.489707 23.597645
v  -38.780674 2.489707 35.849483
# 8 vertices

vn 0.000000 -1.000000 -0.000000
vn 0.000000 1.000000 -0.000000
vn -0.587786 0.000000 -0.809017
vn -0.809017 0.000000 0.587786
vn 0.587786 0.000000 0.809017
vn 0.809017 0.000000 -0.587786
# 6 vertex normals

vt 1.000000 0.000000 0.000000
vt 1.000000 1.000000 0.000000
vt 0.000000 1.000000 0.000000
vt 0.000000 0.000000 0.000000
# 4 texture coords

g Box007
s 2
f -8/-4/-6 -6/-3/-6 -5/-2/-6 -7/-1/-6 
s 4
f -4/-1/-5 -3/-4/-5 -1/-3/-5 -2/-2/-5 
s 8
f -8/-1/-4 -7/-4/-4 -3/-3/-4 -4/-2/-4 
s 16
f -7/-1/-3 -5/-4/-3 -1/-3/-3 -3/-2/-3 
s 32
f -5/-1/-2 -6/-4/-2 -2/-3/-2 -1/-2/-2 
s 64
f -6/-1/-1 -8/-4/-1 -4/-3/-1 -2/-2/-1 
# 6 polygons

#
# object Box008
#

v  -14.868922 0.000000 28.718719
v  -21.310093 0.000000 48.542599
v  -4.356258 0.000000 32.134495
v  -10.797429 0.000000 51.958374
v  -14.868922 2.489707 28.718719
v  -21.310093 2.489707 48.542599
v  -4.356258 2.489707 32.134495
v  -10.797429 2.489707 51.958374
# 8 vertices

vn 0.000000 -1.000000 -0.000000
vn 0.000000 1.000000 -0.000000
vn -0.951056 0.000000 -0.309017
vn -0.309017 0.000000 0.951056
vn 0.951056 0.000000 0.309017
vn 0.309017 0.000000 -0.951056
# 6 vertex normals

vt 1.000000 0.000000 0.000000
vt 1.000000 1.000000 0.000000
vt 0.000000 1.000000 0.000000
vt 0.000000 0.000000 0.000000
# 4 texture coords

g Box008
s 2
f -8/-4/-6 -6/-3/-6 -5/-2/-6 -7/-1/-6 
s 4
f -4/-1/-5 -3/-4/-5 -1/-3/-5 -2/-2/-5 
s 8
f -8/-1/-4 -7/-4/-4 -3/-3/-4 -4/-2/-4 
s 16
f -7/-1/-3 -5/-4/-3 -1/-3/-3 -3/-2/-3 
s 32
f -5/-1/-2 -6/-4/-2 -2/-3/-2 -1/-2/-2 
s 64
f -6/-1/-1 -8/-4/-1 -4/-3/-1 -2/-2/-1 
# 6 polygons

#
# object Box001
#

v  31.106989 0.000000 6.368940
v  51.951050 0.000000 6.368940
v  31.106989 0.000000 -4.684730
v  51.951050 0.000000 -4.684730
v  31.106989 2.489707 6.368940
v  51.951050 2.489707 6.368940
v  31.106989 2.489707 -4.684730
v  51.951050 2.489707 -4.684730
# 8 vertices

vn 0.000000 -1.000000 -0.000000
vn 0.000000 1.000000 -0.000000
vn 0.000000 0.000000 1.000000
vn 1.000000 0.000000 -0.000000
vn 0.000000 0.000000 -1.000000
vn -1.000000 0.000000 -0.000000
# 6 vertex normals

vt 1.000000 0.000000 0.000000
vt 1.000000 1.000000 0.000000
vt 0.000000 1.000000 0.000000
vt 0.000000 0.000000 0.000000
# 4 texture coords

g Box001
s 2
f -8/-4/-6 -6/-3/-6 -5/-2/-6 -7/-1/-6 
s 4
f -4/-1/-5 -3/-4/-5 -1/-3/-5 -2/-2/-5 
s 8
f -8/-1/-4 -7/-4/-4 -3/-3/-4 -4/-2/-4 
s 16
f -7/-1/-3 -5/-4/-3 -1/-3/-3 -3/-2/-3 
s 32
f -5/-1/-2 -6/-4/-2 -2/-3/-2 -1/-2/-2 
s 64
f -6/-1/-1 -8/-4/-1 -4/-3/-1 -2/-2/-1 
# 6 polygons

#
# object Box010
#

v  21.917503 0.000000 23.597631
v  38.780712 0.000000 35.849457
v  28.414684 0.000000 14.655021
v  45.277893 0.000000 26.906847
v  21.917503 2.489707 23.597631
v  38.780712 2.489707 35.849457
v  28.414684 2.489707 14.655021
v  45.277893 2.489707 26.906847
# 8 vertices

vn 0.000000 -1.000000 -0.000000
vn 0.000000 1.000000 -0.000000
vn -0.587785 0.000000 0.809017
vn 0.809017 0.000000 0.587785
vn 0.587785 0.000000 -0.809017
vn -0.809017 0.000000 -0.587785
# 6 vertex normals

vt 1.000000 0.000000 0.000000
vt 1.000000 1.000000 0.000000
vt 0.000000 1.000000 0.000000
vt 0.000000 0.000000 0.000000
# 4 texture coords

g Box010
s 2
f -8/-4/-6 -6/-3/-6 -5/-2/-6 -7/-1/-6 
s 4
f -4/-1/-5 -3/-4/-5 -1/-3/-5 -2/-2/-5 
s 8
f -8/-1/-4 -7/-4/-4 -3/-3/-4 -4/-2/-4 
s 16
f -7/-1/-3 -5/-4/-3 -1/-3/-3 -3/-2/-3 
s 32
f -5/-1/-2 -6/-4/-2 -2/-3/-2 -1/-2/-2 
s 64
f -6/-1/-1 -8/-4/-1 -4/-3/-1 -2/-2/-1 
# 6 polygons

#
# object Box011
#

v  12.728945 0.119740 26.403244
v  23.947325 0.119740 41.537971
v  20.754938 0.119740 20.454103
v  31.973318 0.119740 35.588833
v  12.728945 2.369967 26.403244
v  23.947325 2.369967 41.537971
v  20.754938 2.369967 20.454103
v  31.973318 2.369967 35.588833
# 8 vertices

vn 0.000000 -1.000000 -0.000000
vn 0.000000 1.000000 -0.000000
vn -0.803367 0.000000 0.595483
vn 0.595483 0.000000 0.803367
vn 0.803367 0.000000 -0.595483
vn -0.595483 0.000000 -0.803367
# 6 vertex normals

vt 1.000000 0.000000 0.000000
vt 1.000000 1.000000 0.000000
vt 0.000000 1.000000 0.000000
vt 0.000000 0.000000 0.000000
# 4 texture coords

g Box011
s 2
f -8/-4/-6 -6/-3/-6 -5/-2/-6 -7/-1/-6 
s 4
f -4/-1/-5 -3/-4/-5 -1/-3/-5 -2/-2/-5 
s 8
f -8/-1/-4 -7/-4/-4 -3/-3/-4 -4/-2/-4 
s 16
f -7/-1/-3 -5/-4/-3 -1/-3/-3 -3/-2/-3 
s 32
f -5/-1/-2 -6/-4/-2 -2/-3/-2 -1/-2/-2 
s 64
f -6/-1/-1 -8/-4/-1 -4/-3/-1 -2/-2/-1 
# 6 polygons

#
# object Box012
#

v  -12.728934 0.119740 -24.719038
v  -23.947311 0.119740 -39.853771
v  -20.754929 0.119740 -18.769897
v  -31.973305 0.119740 -33.904633
v  -12.728934 2.369967 -24.719038
v  -23.947311 2.369967 -39.853771
v  -20.754929 2.369967 -18.769897
v  -31.973305 2.369967 -33.904633
# 8 vertices

vn 0.000000 -1.000000 -0.000000
vn 0.000000 1.000000 -0.000000
vn 0.803368 0.000000 -0.595483
vn -0.595483 0.000000 -0.803368
vn -0.803368 0.000000 0.595483
vn 0.595483 0.000000 0.803368
# 6 vertex normals

vt 1.000000 0.000000 0.000000
vt 1.000000 1.000000 0.000000
vt 0.000000 1.000000 0.000000
vt 0.000000 0.000000 0.000000
# 4 texture coords

g Box012
s 2
f -8/-4/-6 -6/-3/-6 -5/-2/-6 -7/-1/-6 
s 4
f -4/-1/-5 -3/-4/-5 -1/-3/-5 -2/-2/-5 
s 8
f -8/-1/-4 -7/-4/-4 -3/-3/-4 -4/-2/-4 
s 16
f -7/-1/-3 -5/-4/-3 -1/-3/-3 -3/-2/-3 
s 32
f -5/-1/-2 -6/-4/-2 -2/-3/-2 -1/-2/-2 
s 64
f -6/-1/-1 -8/-4/-1 -4/-3/-1 -2/-2/-1 
# 6 polygons

#
# object Box013
#

v  20.376637 0.119740 -19.162653
v  31.303951 0.119740 -34.508846
v  12.238502 0.119740 -24.957443
v  23.165817 0.119740 -40.303635
v  20.376637 2.369967 -19.162653
v  31.303951 2.369967 -34.508846
v  12.238502 2.369967 -24.957443
v  23.165817 2.369967 -40.303635
# 8 vertices

vn 0.000000 -1.000000 -0.000000
vn 0.000000 1.000000 -0.000000
vn 0.814592 0.000000 0.580034
vn 0.580034 0.000000 -0.814592
vn -0.814592 0.000000 -0.580034
vn -0.580034 0.000000 0.814592
# 6 vertex normals

vt 1.000000 0.000000 0.000000
vt 1.000000 1.000000 0.000000
vt 0.000000 1.000000 0.000000
vt 0.000000 0.000000 0.000000
# 4 texture coords

g Box013
s 2
f -8/-4/-6 -6/-3/-6 -5/-2/-6 -7/-1/-6 
s 4
f -4/-1/-5 -3/-4/-5 -1/-3/-5 -2/-2/-5 
s 8
f -8/-1/-4 -7/-4/-4 -3/-3/-4 -4/-2/-4 
s 16
f -7/-1/-3 -5/-4/-3 -1/-3/-3 -3/-2/-3 
s 32
f -5/-1/-2 -6/-4/-2 -2/-3/-2 -1/-2/-2 
s 64
f -6/-1/-1 -8/-4/-1 -4/-3/-1 -2/-2/-1 
# 6 polygons

#
# object Box014
#

v  28.243549 0.119740 -3.365005
v  46.104202 0.119740 -9.357424
v  25.065750 0.119740 -12.836565
v  42.926403 0.119740 -18.828983
v  28.243549 2.369967 -3.365005
v  46.104202 2.369967 -9.357424
v  25.065750 2.369967 -12.836565
v  42.926403 2.369967 -18.828983
# 8 vertices

vn 0.000000 -1.000000 -0.000000
vn 0.000000 1.000000 -0.000000
vn 0.318084 0.000000 0.948062
vn 0.948062 0.000000 -0.318084
vn -0.318084 0.000000 -0.948062
vn -0.948062 0.000000 0.318084
# 6 vertex normals

vt 1.000000 0.000000 0.000000
vt 1.000000 1.000000 0.000000
vt 0.000000 1.000000 0.000000
vt 0.000000 0.000000 0.000000
# 4 texture coords

g Box014
s 2
f -8/-4/-6 -6/-3/-6 -5/-2/-6 -7/-1/-6 
s 4
f -4/-1/-5 -3/-4/-5 -1/-3/-5 -2/-2/-5 
s 8
f -8/-1/-4 -7/-4/-4 -3/-3/-4 -4/-2/-4 
s 16
f -7/-1/-3 -5/-4/-3 -1/-3/-3 -3/-2/-3 
s 32
f -5/-1/-2 -6/-4/-2 -2/-3/-2 -1/-2/-2 
s 64
f -6/-1/-1 -8/-4/-1 -4/-3/-1 -2/-2/-1 
# 6 polygons

#
# object Box015
#

v  4.726540 0.119740 -27.319172
v  4.546657 0.119740 -46.157421
v  -5.263442 0.119740 -27.223782
v  -5.443325 0.119740 -46.062031
v  4.726540 2.369967 -27.319172
v  4.546657 2.369967 -46.157421
v  -5.263442 2.369967 -27.223782
v  -5.443325 2.369967 -46.062031
# 8 vertices

vn 0.000000 -1.000000 -0.000000
vn 0.000000 1.000000 -0.000000
vn 0.999954 0.000000 -0.009548
vn -0.009548 0.000000 -0.999954
vn -0.999954 0.000000 0.009548
vn 0.009548 0.000000 0.999954
# 6 vertex normals

vt 1.000000 0.000000 0.000000
vt 1.000000 1.000000 0.000000
vt 0.000000 1.000000 0.000000
vt 0.000000 0.000000 0.000000
# 4 texture coords

g Box015
s 2
f -8/-4/-6 -6/-3/-6 -5/-2/-6 -7/-1/-6 
s 4
f -4/-1/-5 -3/-4/-5 -1/-3/-5 -2/-2/-5 
s 8
f -8/-1/-4 -7/-4/-4 -3/-3/-4 -4/-2/-4 
s 16
f -7/-1/-3 -5/-4/-3 -1/-3/-3 -3/-2/-3 
s 32
f -5/-1/-2 -6/-4/-2 -2/-3/-2 -1/-2/-2 
s 64
f -6/-1/-1 -8/-4/-1 -4/-3/-1 -2/-2/-1 
# 6 polygons

#
# object Box016
#

v  -4.726535 0.119740 29.003386
v  -4.546650 0.119740 47.841637
v  5.263446 0.119740 28.907991
v  5.443331 0.119740 47.746239
v  -4.726535 2.369967 29.003386
v  -4.546650 2.369967 47.841637
v  5.263446 2.369967 28.907991
v  5.443331 2.369967 47.746239
# 8 vertices

vn 0.000000 -1.000000 -0.000000
vn 0.000000 1.000000 -0.000000
vn -0.999954 0.000000 0.009548
vn 0.009548 0.000000 0.999954
vn 0.999954 0.000000 -0.009548
vn -0.009548 0.000000 -0.999954
# 6 vertex normals

vt 1.000000 0.000000 0.000000
vt 1.000000 1.000000 0.000000
vt 0.000000 1.000000 0.000000
vt 0.000000 0.000000 0.000000
# 4 texture coords

g Box016
s 2
f -8/-4/-6 -6/-3/-6 -5/-2/-6 -7/-1/-6 
s 4
f -4/-1/-5 -3/-4/-5 -1/-3/-5 -2/-2/-5 
s 8
f -8/-1/-4 -7/-4/-4 -3/-3/-4 -4/-2/-4 
s 16
f -7/-1/-3 -5/-4/-3 -1/-3/-3 -3/-2/-3 
s 32
f -5/-1/-2 -6/-4/-2 -2/-3/-2 -1/-2/-2 
s 64
f -6/-1/-1 -8/-4/-1 -4/-3/-1 -2/-2/-1 
# 6 polygons

#
# object Box017
#

v  -25.322386 0.119740 -12.355407
v  -43.294212 0.119740 -18.005661
v  -28.318733 0.119740 -2.824891
v  -46.290558 0.119740 -8.475146
v  -25.322386 2.369967 -12.355407
v  -43.294212 2.369967 -18.005661
v  -28.318733 2.369967 -2.824891
v  -46.290558 2.369967 -8.475146
# 8 vertices

vn 0.000000 -1.000000 -0.000000
vn 0.000000 1.000000 -0.000000
vn 0.299922 0.000000 -0.953964
vn -0.953964 0.000000 -0.299922
vn -0.299922 0.000000 0.953964
vn 0.953964 0.000000 0.299922
# 6 vertex normals

vt 1.000000 0.000000 0.000000
vt 1.000000 1.000000 0.000000
vt 0.000000 1.000000 0.000000
vt 0.000000 0.000000 0.000000
# 4 texture coords

g Box017
s 2
f -8/-4/-6 -6/-3/-6 -5/-2/-6 -7/-1/-6 
s 4
f -4/-1/-5 -3/-4/-5 -1/-3/-5 -2/-2/-5 
s 8
f -8/-1/-4 -7/-4/-4 -3/-3/-4 -4/-2/-4 
s 16
f -7/-1/-3 -5/-4/-3 -1/-3/-3 -3/-2/-3 
s 32
f -5/-1/-2 -6/-4/-2 -2/-3/-2 -1/-2/-2 
s 64
f -6/-1/-1 -8/-4/-1 -4/-3/-1 -2/-2/-1 
# 6 polygons

#
# object Box018
#

v  -28.243546 0.119740 5.049221
v  -46.104195 0.119740 11.041645
v  -25.065742 0.119740 14.520779
v  -42.926392 0.119740 20.513203
v  -28.243546 2.369967 5.049221
v  -46.104195 2.369967 11.041645
v  -25.065742 2.369967 14.520779
v  -42.926392 2.369967 20.513203
# 8 vertices

vn 0.000000 -1.000000 -0.000000
vn 0.000000 1.000000 -0.000000
vn -0.318084 0.000000 -0.948062
vn -0.948062 0.000000 0.318084
vn 0.318084 0.000000 0.948062
vn 0.948062 0.000000 -0.318084
# 6 vertex normals

vt 1.000000 0.000000 0.000000
vt 1.000000 1.000000 0.000000
vt 0.000000 1.000000 0.000000
vt 0.000000 0.000000 0.000000
# 4 texture coords

g Box018
s 2
f -8/-4/-6 -6/-3/-6 -5/-2/-6 -7/-1/-6 
s 4
f -4/-1/-5 -3/-4/-5 -1/-3/-5 -2/-2/-5 
s 8
f -8/-1/-4 -7/-4/-4 -3/-3/-4 -4/-2/-4 
s 16
f -7/-1/-3 -5/-4/-3 -1/-3/-3 -3/-2/-3 
s 32
f -5/-1/-2 -6/-4/-2 -2/-3/-2 -1/-2/-2 
s 64
f -6/-1/-1 -8/-4/-1 -4/-3/-1 -2/-2/-1 
# 6 polygons

#
# object Box019
#

v  -20.376633 0.119740 20.846865
v  -31.303951 0.119740 36.193058
v  -12.238499 0.119740 26.641655
v  -23.165817 0.119740 41.987846
v  -20.376633 2.369967 20.846865
v  -31.303951 2.369967 36.193058
v  -12.238499 2.369967 26.641655
v  -23.165817 2.369967 41.987846
# 8 vertices

vn 0.000000 -1.000000 -0.000000
vn 0.000000 1.000000 -0.000000
vn -0.814592 0.000000 -0.580034
vn -0.580034 0.000000 0.814592
vn 0.814592 0.000000 0.580034
vn 0.580034 0.000000 -0.814592
# 6 vertex normals

vt 1.000000 0.000000 0.000000
vt 1.000000 1.000000 0.000000
vt 0.000000 1.000000 0.000000
vt 0.000000 0.000000 0.000000
# 4 texture coords

g Box019
s 2
f -8/-4/-6 -6/-3/-6 -5/-2/-6 -7/-1/-6 
s 4
f -4/-1/-5 -3/-4/-5 -1/-3/-5 -2/-2/-5 
s 8
f -8/-1/-4 -7/-4/-4 -3/-3/-4 -4/-2/-4 
s 16
f -7/-1/-3 -5/-4/-3 -1/-3/-3 -3/-2/-3 
s 32
f -5/-1/-2 -6/-4/-2 -2/-3/-2 -1/-2/-2 
s 64
f -6/-1/-1 -8/-4/-1 -4/-3/-1 -2/-2/-1 
# 6 polygons

#
# object Box020
#

v  25.322384 0.119740 14.039626
v  43.294212 0.119740 19.689888
v  28.318735 0.119740 4.509110
v  46.290562 0.119740 10.159371
v  25.322384 2.369967 14.039626
v  43.294212 2.369967 19.689888
v  28.318735 2.369967 4.509110
v  46.290562 2.369967 10.159371
# 8 vertices

vn 0.000000 -1.000000 -0.000000
vn 0.000000 1.000000 -0.000000
vn -0.299922 0.000000 0.953964
vn 0.953964 0.000000 0.299922
vn 0.299922 0.000000 -0.953964
vn -0.953964 0.000000 -0.299922
# 6 vertex normals

vt 1.000000 0.000000 0.000000
vt 1.000000 1.000000 0.000000
vt 0.000000 1.000000 0.000000
vt 0.000000 0.000000 0.000000
# 4 texture coords

g Box020
s 2
f -8/-4/-6 -6/-3/-6 -5/-2/-6 -7/-1/-6 
s 4
f -4/-1/-5 -3/-4/-5 -1/-3/-5 -2/-2/-5 
s 8
f -8/-1/-4 -7/-4/-4 -3/-3/-4 -4/-2/-4 
s 16
f -7/-1/-3 -5/-4/-3 -1/-3/-3 -3/-2/-3 
s 32
f -5/-1/-2 -6/-4/-2 -2/-3/-2 -1/-2/-2 
s 64
f -6/-1/-1 -8/-4/-1 -4/-3/-1 -2/-2/-1 
# 6 polygons

#
# object Box028
#

v  46.798702 0.119740 9.348203
v  65.637794 0.119740 9.327847
v  46.787907 0.119740 -0.642228
v  65.627007 0.119740 -0.662583
v  46.798702 2.369967 9.348203
v  65.637794 2.369967 9.327847
v  46.787907 2.369967 -0.642228
v  65.627007 2.369967 -0.662583
# 8 vertices

vn 0.000000 -1.000000 -0.000000
vn 0.000000 1.000000 -0.000000
vn 0.001080 0.000000 0.999999
vn 0.999999 0.000000 -0.001080
vn -0.001080 0.000000 -0.999999
vn -0.999999 0.000000 0.001080
# 6 vertex normals

vt 1.000000 0.000000 0.000000
vt 1.000000 1.000000 0.000000
vt 0.000000 1.000000 0.000000
vt 0.000000 0.000000 0.000000
# 4 texture coords

g Box028
s 2
f -8/-4/-6 -6/-3/-6 -5/-2/-6 -7/-1/-6 
s 4
f -4/-1/-5 -3/-4/-5 -1/-3/-5 -2/-2/-5 
s 8
f -8/-1/-4 -7/-4/-4 -3/-3/-4 -4/-2/-4 
s 16
f -7/-1/-3 -5/-4/-3 -1/-3/-3 -3/-2/-3 
s 32
f -5/-1/-2 -6/-4/-2 -2/-3/-2 -1/-2/-2 
s 64
f -6/-1/-1 -8/-4/-1 -4/-3/-1 -2/-2/-1 
# 6 polygons

#
# object Box032
#

v  46.477859 0.119740 20.087261
v  65.152107 0.119740 22.574120
v  47.796646 0.119740 10.184250
v  66.470894 0.119740 12.671107
v  46.477859 2.369967 20.087261
v  65.152107 2.369967 22.574120
v  47.796646 2.369967 10.184250
v  66.470894 2.369967 12.671107
# 8 vertices

vn 0.000000 -1.000000 -0.000000
vn 0.000000 1.000000 -0.000000
vn -0.132005 0.000000 0.991249
vn 0.991249 0.000000 0.132005
vn 0.132005 0.000000 -0.991249
vn -0.991249 0.000000 -0.132005
# 6 vertex normals

vt 1.000000 0.000000 0.000000
vt 1.000000 1.000000 0.000000
vt 0.000000 1.000000 0.000000
vt 0.000000 0.000000 0.000000
# 4 texture coords

g Box032
s 2
f -8/-4/-6 -6/-3/-6 -5/-2/-6 -7/-1/-6 
s 4
f -4/-1/-5 -3/-4/-5 -1/-3/-5 -2/-2/-5 
s 8
f -8/-1/-4 -7/-4/-4 -3/-3/-4 -4/-2/-4 
s 16
f -7/-1/-3 -5/-4/-3 -1/-3/-3 -3/-2/-3 
s 32
f -5/-1/-2 -6/-4/-2 -2/-3/-2 -1/-2/-2 
s 64
f -6/-1/-1 -8/-4/-1 -4/-3/-1 -2/-2/-1 
# 6 polygons

#
# object Box021
#

v  47.546455 0.119740 -1.020151
v  66.277596 0.119740 -3.034234
v  46.478378 0.119740 -10.953333
v  65.209518 0.119740 -12.967417
v  47.546455 2.369967 -1.020151
v  66.277596 2.369967 -3.034234
v  46.478378 2.369967 -10.953333
v  65.209518 2.369967 -12.967417
# 8 vertices

vn 0.000000 -1.000000 -0.000000
vn 0.000000 1.000000 -0.000000
vn 0.106910 0.000000 0.994269
vn 0.994269 0.000000 -0.106910
vn -0.106910 0.000000 -0.994269
vn -0.994269 0.000000 0.106910
# 6 vertex normals

vt 1.000000 0.000000 0.000000
vt 1.000000 1.000000 0.000000
vt 0.000000 1.000000 0.000000
vt 0.000000 0.000000 0.000000
# 4 texture coords

g Box021
s 2
f -8/-4/-6 -6/-3/-6 -5/-2/-6 -7/-1/-6 
s 4
f -4/-1/-5 -3/-4/-5 -1/-3/-5 -2/-2/-5 
s 8
f -8/-1/-4 -7/-4/-4 -3/-3/-4 -4/-2/-4 
s 16
f -7/-1/-3 -5/-4/-3 -1/-3/-3 -3/-2/-3 
s 32
f -5/-1/-2 -6/-4/-2 -2/-3/-2 -1/-2/-2 
s 64
f -6/-1/-1 -8/-4/-1 -4/-3/-1 -2/-2/-1 
# 6 polygons

#
# object Box022
#

v  67.038849 0.119740 -3.094787
v  85.769989 0.119740 -5.108871
v  65.970779 0.119740 -13.027968
v  84.701920 0.119740 -15.042052
v  67.038849 2.369967 -3.094787
v  85.769989 2.369967 -5.108871
v  65.970779 2.369967 -13.027968
v  84.701920 2.369967 -15.042052
# 8 vertices

vn 0.000000 -1.000000 -0.000000
vn 0.000000 1.000000 -0.000000
vn 0.106910 0.000000 0.994269
vn 0.994269 0.000000 -0.106910
vn -0.106910 0.000000 -0.994269
vn -0.994269 0.000000 0.106910
# 6 vertex normals

vt 1.000000 0.000000 0.000000
vt 1.000000 1.000000 0.000000
vt 0.000000 1.000000 0.000000
vt 0.000000 0.000000 0.000000
# 4 texture coords

g Box022
s 2
f -8/-4/-6 -6/-3/-6 -5/-2/-6 -7/-1/-6 
s 4
f -4/-1/-5 -3/-4/-5 -1/-3/-5 -2/-2/-5 
s 8
f -8/-1/-4 -7/-4/-4 -3/-3/-4 -4/-2/-4 
s 16
f -7/-1/-3 -5/-4/-3 -1/-3/-3 -3/-2/-3 
s 32
f -5/-1/-2 -6/-4/-2 -2/-3/-2 -1/-2/-2 
s 64
f -6/-1/-1 -8/-4/-1 -4/-3/-1 -2/-2/-1 
# 6 polygons

#
# object Box037
#

v  80.433769 0.119740 5.532003
v  81.725067 0.119740 -13.262796
v  70.466827 0.119740 4.847227
v  71.758125 0.119740 -13.947573
v  80.433769 2.369967 5.532003
v  81.725067 2.369967 -13.262796
v  70.466827 2.369967 4.847227
v  71.758125 2.369967 -13.947573
# 8 vertices

vn 0.000000 -1.000000 -0.000000
vn 0.000000 1.000000 -0.000000
vn 0.997648 0.000000 0.068543
vn 0.068543 0.000000 -0.997648
vn -0.997648 0.000000 -0.068543
vn -0.068543 0.000000 0.997648
# 6 vertex normals

vt 1.000000 0.000000 0.000000
vt 1.000000 1.000000 0.000000
vt 0.000000 1.000000 0.000000
vt 0.000000 0.000000 0.000000
# 4 texture coords

g Box037
s 2
f -8/-4/-6 -6/-3/-6 -5/-2/-6 -7/-1/-6 
s 4
f -4/-1/-5 -3/-4/-5 -1/-3/-5 -2/-2/-5 
s 8
f -8/-1/-4 -7/-4/-4 -3/-3/-4 -4/-2/-4 
s 16
f -7/-1/-3 -5/-4/-3 -1/-3/-3 -3/-2/-3 
s 32
f -5/-1/-2 -6/-4/-2 -2/-3/-2 -1/-2/-2 
s 64
f -6/-1/-1 -8/-4/-1 -4/-3/-1 -2/-2/-1 
# 6 polygons

#
# object Box025
#

v  66.401192 0.119740 9.348203
v  85.240288 0.119740 9.327847
v  66.390404 0.119740 -0.642228
v  85.229500 0.119740 -0.662583
v  66.401192 2.369967 9.348203
v  85.240288 2.369967 9.327847
v  66.390404 2.369967 -0.642228
v  85.229500 2.369967 -0.662583
# 8 vertices

vn 0.000000 -1.000000 -0.000000
vn 0.000000 1.000000 -0.000000
vn 0.001080 0.000000 0.999999
vn 0.999999 0.000000 -0.001080
vn -0.001080 0.000000 -0.999999
vn -0.999999 0.000000 0.001080
# 6 vertex normals

vt 1.000000 0.000000 0.000000
vt 1.000000 1.000000 0.000000
vt 0.000000 1.000000 0.000000
vt 0.000000 0.000000 0.000000
# 4 texture coords

g Box025
s 2
f -8/-4/-6 -6/-3/-6 -5/-2/-6 -7/-1/-6 
s 4
f -4/-1/-5 -3/-4/-5 -1/-3/-5 -2/-2/-5 
s 8
f -8/-1/-4 -7/-4/-4 -3/-3/-4 -4/-2/-4 
s 16
f -7/-1/-3 -5/-4/-3 -1/-3/-3 -3/-2/-3 
s 32
f -5/-1/-2 -6/-4/-2 -2/-3/-2 -1/-2/-2 
s 64
f -6/-1/-1 -8/-4/-1 -4/-3/-1 -2/-2/-1 
# 6 polygons

#
# object Box038
#

v  80.433769 0.119740 24.580984
v  81.725067 0.119740 5.786184
v  70.466827 0.119740 23.896208
v  71.758125 0.119740 5.101408
v  80.433769 2.369967 24.580984
v  81.725067 2.369967 5.786184
v  70.466827 2.369967 23.896208
v  71.758125 2.369967 5.101408
# 8 vertices

vn 0.000000 -1.000000 -0.000000
vn 0.000000 1.000000 -0.000000
vn 0.997648 0.000000 0.068543
vn 0.068543 0.000000 -0.997648
vn -0.997648 0.000000 -0.068543
vn -0.068543 0.000000 0.997648
# 6 vertex normals

vt 1.000000 0.000000 0.000000
vt 1.000000 1.000000 0.000000
vt 0.000000 1.000000 0.000000
vt 0.000000 0.000000 0.000000
# 4 texture coords

g Box038
s 2
f -8/-4/-6 -6/-3/-6 -5/-2/-6 -7/-1/-6 
s 4
f -4/-1/-5 -3/-4/-5 -1/-3/-5 -2/-2/-5 
s 8
f -8/-1/-4 -7/-4/-4 -3/-3/-4 -4/-2/-4 
s 16
f -7/-1/-3 -5/-4/-3 -1/-3/-3 -3/-2/-3 
s 32
f -5/-1/-2 -6/-4/-2 -2/-3/-2 -1/-2/-2 
s 64
f -6/-1/-1 -8/-4/-1 -4/-3/-1 -2/-2/-1 
# 6 polygons

#
# object Box031
#

v  85.334145 0.119740 25.304508
v  104.008392 0.119740 27.791367
v  86.652939 0.119740 15.401497
v  105.327187 0.119740 17.888355
v  85.334145 2.369967 25.304508
v  104.008392 2.369967 27.791367
v  86.652939 2.369967 15.401497
v  105.327187 2.369967 17.888355
# 8 vertices

vn 0.000000 -1.000000 -0.000000
vn 0.000000 1.000000 -0.000000
vn -0.132005 0.000000 0.991249
vn 0.991249 0.000000 0.132005
vn 0.132005 0.000000 -0.991249
vn -0.991249 0.000000 -0.132005
# 6 vertex normals

vt 1.000000 0.000000 0.000000
vt 1.000000 1.000000 0.000000
vt 0.000000 1.000000 0.000000
vt 0.000000 0.000000 0.000000
# 4 texture coords

g Box031
s 2
f -8/-4/-6 -6/-3/-6 -5/-2/-6 -7/-1/-6 
s 4
f -4/-1/-5 -3/-4/-5 -1/-3/-5 -2/-2/-5 
s 8
f -8/-1/-4 -7/-4/-4 -3/-3/-4 -4/-2/-4 
s 16
f -7/-1/-3 -5/-4/-3 -1/-3/-3 -3/-2/-3 
s 32
f -5/-1/-2 -6/-4/-2 -2/-3/-2 -1/-2/-2 
s 64
f -6/-1/-1 -8/-4/-1 -4/-3/-1 -2/-2/-1 
# 6 polygons

#
# object Box033
#

v  101.020012 0.119740 24.580984
v  102.311310 0.119740 5.786184
v  91.053070 0.119740 23.896208
v  92.344368 0.119740 5.101408
v  101.020012 2.369967 24.580984
v  102.311310 2.369967 5.786184
v  91.053070 2.369967 23.896208
v  92.344368 2.369967 5.101408
# 8 vertices

vn 0.000000 -1.000000 -0.000000
vn 0.000000 1.000000 -0.000000
vn 0.997648 0.000000 0.068543
vn 0.068543 0.000000 -0.997648
vn -0.997648 0.000000 -0.068543
vn -0.068543 0.000000 0.997648
# 6 vertex normals

vt 1.000000 0.000000 0.000000
vt 1.000000 1.000000 0.000000
vt 0.000000 1.000000 0.000000
vt 0.000000 0.000000 0.000000
# 4 texture coords

g Box033
s 2
f -8/-4/-6 -6/-3/-6 -5/-2/-6 -7/-1/-6 
s 4
f -4/-1/-5 -3/-4/-5 -1/-3/-5 -2/-2/-5 
s 8
f -8/-1/-4 -7/-4/-4 -3/-3/-4 -4/-2/-4 
s 16
f -7/-1/-3 -5/-4/-3 -1/-3/-3 -3/-2/-3 
s 32
f -5/-1/-2 -6/-4/-2 -2/-3/-2 -1/-2/-2 
s 64
f -6/-1/-1 -8/-4/-1 -4/-3/-1 -2/-2/-1 
# 6 polygons

#
# object Box035
#

v  101.020012 0.119740 5.532003
v  102.311310 0.119740 -13.262796
v  91.053070 0.119740 4.847227
v  92.344368 0.119740 -13.947573
v  101.020012 2.369967 5.532003
v  102.311310 2.369967 -13.262796
v  91.053070 2.369967 4.847227
v  92.344368 2.369967 -13.947573
# 8 vertices

vn 0.000000 -1.000000 -0.000000
vn 0.000000 1.000000 -0.000000
vn 0.997648 0.000000 0.068543
vn 0.068543 0.000000 -0.997648
vn -0.997648 0.000000 -0.068543
vn -0.068543 0.000000 0.997648
# 6 vertex normals

vt 1.000000 0.000000 0.000000
vt 1.000000 1.000000 0.000000
vt 0.000000 1.000000 0.000000
vt 0.000000 0.000000 0.000000
# 4 texture coords

g Box035
s 2
f -8/-4/-6 -6/-3/-6 -5/-2/-6 -7/-1/-6 
s 4
f -4/-1/-5 -3/-4/-5 -1/-3/-5 -2/-2/-5 
s 8
f -8/-1/-4 -7/-4/-4 -3/-3/-4 -4/-2/-4 
s 16
f -7/-1/-3 -5/-4/-3 -1/-3/-3 -3/-2/-3 
s 32
f -5/-1/-2 -6/-4/-2 -2/-3/-2 -1/-2/-2 
s 64
f -6/-1/-1 -8/-4/-1 -4/-3/-1 -2/-2/-1 
# 6 polygons

#
# object Box027
#

v  86.003685 0.119740 9.348203
v  104.842781 0.119740 9.327847
v  85.992897 0.119740 -0.642228
v  104.831993 0.119740 -0.662583
v  86.003685 2.369967 9.348203
v  104.842781 2.369967 9.327847
v  85.992897 2.369967 -0.642228
v  104.831993 2.369967 -0.662583
# 8 vertices

vn 0.000000 -1.000000 -0.000000
vn 0.000000 1.000000 -0.000000
vn 0.001080 0.000000 0.999999
vn 0.999999 0.000000 -0.001080
vn -0.001080 0.000000 -0.999999
vn -0.999999 0.000000 0.001080
# 6 vertex normals

vt 1.000000 0.000000 0.000000
vt 1.000000 1.000000 0.000000
vt 0.000000 1.000000 0.000000
vt 0.000000 0.000000 0.000000
# 4 texture coords

g Box027
s 2
f -8/-4/-6 -6/-3/-6 -5/-2/-6 -7/-1/-6 
s 4
f -4/-1/-5 -3/-4/-5 -1/-3/-5 -2/-2/-5 
s 8
f -8/-1/-4 -7/-4/-4 -3/-3/-4 -4/-2/-4 
s 16
f -7/-1/-3 -5/-4/-3 -1/-3/-3 -3/-2/-3 
s 32
f -5/-1/-2 -6/-4/-2 -2/-3/-2 -1/-2/-2 
s 64
f -6/-1/-1 -8/-4/-1 -4/-3/-1 -2/-2/-1 
# 6 polygons

#
# object Box023
#

v  86.531250 0.119740 -5.169423
v  105.262390 0.119740 -7.183507
v  85.463181 0.119740 -15.102605
v  104.194321 0.119740 -17.116688
v  86.531250 2.369967 -5.169423
v  105.262390 2.369967 -7.183507
v  85.463181 2.369967 -15.102605
v  104.194321 2.369967 -17.116688
# 8 vertices

vn 0.000000 -1.000000 -0.000000
vn 0.000000 1.000000 -0.000000
vn 0.106910 0.000000 0.994269
vn 0.994269 0.000000 -0.106910
vn -0.106910 0.000000 -0.994269
vn -0.994269 0.000000 0.106910
# 6 vertex normals

vt 1.000000 0.000000 0.000000
vt 1.000000 1.000000 0.000000
vt 0.000000 1.000000 0.000000
vt 0.000000 0.000000 0.000000
# 4 texture coords

g Box023
s 2
f -8/-4/-6 -6/-3/-6 -5/-2/-6 -7/-1/-6 
s 4
f -4/-1/-5 -3/-4/-5 -1/-3/-5 -2/-2/-5 
s 8
f -8/-1/-4 -7/-4/-4 -3/-3/-4 -4/-2/-4 
s 16
f -7/-1/-3 -5/-4/-3 -1/-3/-3 -3/-2/-3 
s 32
f -5/-1/-2 -6/-4/-2 -2/-3/-2 -1/-2/-2 
s 64
f -6/-1/-1 -8/-4/-1 -4/-3/-1 -2/-2/-1 
# 6 polygons

#
# object Box036
#

v  119.143639 0.119740 5.532003
v  120.434937 0.119740 -13.262796
v  109.176697 0.119740 4.847227
v  110.467995 0.119740 -13.947573
v  119.143639 2.369967 5.532003
v  120.434937 2.369967 -13.262796
v  109.176697 2.369967 4.847227
v  110.467995 2.369967 -13.947573
# 8 vertices

vn 0.000000 -1.000000 -0.000000
vn 0.000000 1.000000 -0.000000
vn 0.997648 0.000000 0.068543
vn 0.068543 0.000000 -0.997648
vn -0.997648 0.000000 -0.068543
vn -0.068543 0.000000 0.997648
# 6 vertex normals

vt 1.000000 0.000000 0.000000
vt 1.000000 1.000000 0.000000
vt 0.000000 1.000000 0.000000
vt 0.000000 0.000000 0.000000
# 4 texture coords

g Box036
s 2
f -8/-4/-6 -6/-3/-6 -5/-2/-6 -7/-1/-6 
s 4
f -4/-1/-5 -3/-4/-5 -1/-3/-5 -2/-2/-5 
s 8
f -8/-1/-4 -7/-4/-4 -3/-3/-4 -4/-2/-4 
s 16
f -7/-1/-3 -5/-4/-3 -1/-3/-3 -3/-2/-3 
s 32
f -5/-1/-2 -6/-4/-2 -2/-3/-2 -1/-2/-2 
s 64
f -6/-1/-1 -8/-4/-1 -4/-3/-1 -2/-2/-1 
# 6 polygons

#
# object Box026
#

v  105.606178 0.119740 9.348203
v  124.445274 0.119740 9.327847
v  105.595390 0.119740 -0.642228
v  124.434486 0.119740 -0.662583
v  105.606178 2.369967 9.348203
v  124.445274 2.369967 9.327847
v  105.595390 2.369967 -0.642228
v  124.434486 2.369967 -0.662583
# 8 vertices

vn 0.000000 -1.000000 -0.000000
vn 0.000000 1.000000 -0.000000
vn 0.001080 0.000000 0.999999
vn 0.999999 0.000000 -0.001080
vn -0.001080 0.000000 -0.999999
vn -0.999999 0.000000 0.001080
# 6 vertex normals

vt 1.000000 0.000000 0.000000
vt 1.000000 1.000000 0.000000
vt 0.000000 1.000000 0.000000
vt 0.000000 0.000000 0.000000
# 4 texture coords

g Box026
s 2
f -8/-4/-6 -6/-3/-6 -5/-2/-6 -7/-1/-6 
s 4
f -4/-1/-5 -3/-4/-5 -1/-3/-5 -2/-2/-5 
s 8
f -8/-1/-4 -7/-4/-4 -3/-3/-4 -4/-2/-4 
s 16
f -7/-1/-3 -5/-4/-3 -1/-3/-3 -3/-2/-3 
s 32
f -5/-1/-2 -6/-4/-2 -2/-3/-2 -1/-2/-2 
s 64
f -6/-1/-1 -8/-4/-1 -4/-3/-1 -2/-2/-1 
# 6 polygons

#
# object Box024
#

v  106.023651 0.119740 -7.244060
v  124.754791 0.119740 -9.258143
v  104.955582 0.119740 -17.177242
v  123.686722 0.119740 -19.191326
v  106.023651 2.369967 -7.244060
v  124.754791 2.369967 -9.258143
v  104.955582 2.369967 -17.177242
v  123.686722 2.369967 -19.191326
# 8 vertices

vn 0.000000 -1.000000 -0.000000
vn 0.000000 1.000000 -0.000000
vn 0.106910 0.000000 0.994269
vn 0.994269 0.000000 -0.106910
vn -0.106910 0.000000 -0.994269
vn -0.994269 0.000000 0.106910
# 6 vertex normals

vt 1.000000 0.000000 0.000000
vt 1.000000 1.000000 0.000000
vt 0.000000 1.000000 0.000000
vt 0.000000 0.000000 0.000000
# 4 texture coords

g Box024
s 2
f -8/-4/-6 -6/-3/-6 -5/-2/-6 -7/-1/-6 
s 4
f -4/-1/-5 -3/-4/-5 -1/-3/-5 -2/-2/-5 
s 8
f -8/-1/-4 -7/-4/-4 -3/-3/-4 -4/-2/-4 
s 16
f -7/-1/-3 -5/-4/-3 -1/-3/-3 -3/-2/-3 
s 32
f -5/-1/-2 -6/-4/-2 -2/-3/-2 -1/-2/-2 
s 64
f -6/-1/-1 -8/-4/-1 -4/-3/-1 -2/-2/-1 
# 6 polygons

#
# object Box034
#

v  119.143639 0.119740 24.580984
v  120.434937 0.119740 5.786184
v  109.176697 0.119740 23.896208
v  110.467995 0.119740 5.101408
v  119.143639 2.369967 24.580984
v  120.434937 2.369967 5.786184
v  109.176697 2.369967 23.896208
v  110.467995 2.369967 5.101408
# 8 vertices

vn 0.000000 -1.000000 -0.000000
vn 0.000000 1.000000 -0.000000
vn 0.997648 0.000000 0.068543
vn 0.068543 0.000000 -0.997648
vn -0.997648 0.000000 -0.068543
vn -0.068543 0.000000 0.997648
# 6 vertex normals

vt 1.000000 0.000000 0.000000
vt 1.000000 1.000000 0.000000
vt 0.000000 1.000000 0.000000
vt 0.000000 0.000000 0.000000
# 4 texture coords

g Box034
s 2
f -8/-4/-6 -6/-3/-6 -5/-2/-6 -7/-1/-6 
s 4
f -4/-1/-5 -3/-4/-5 -1/-3/-5 -2/-2/-5 
s 8
f -8/-1/-4 -7/-4/-4 -3/-3/-4 -4/-2/-4 
s 16
f -7/-1/-3 -5/-4/-3 -1/-3/-3 -3/-2/-3 
s 32
f -5/-1/-2 -6/-4/-2 -2/-3/-2 -1/-2/-2 
s 64
f -6/-1/-1 -8/-4/-1 -4/-3/-1 -2/-2/-1 
# 6 polygons

#
# object Box030
#

v  104.762291 0.119740 27.913132
v  123.436539 0.119740 30.399990
v  106.081085 0.119740 18.010120
v  124.755333 0.119740 20.496979
v  104.762291 2.369967 27.913132
v  123.436539 2.369967 30.399990
v  106.081085 2.369967 18.010120
v  124.755333 2.369967 20.496979
# 8 vertices

vn 0.000000 -1.000000 -0.000000
vn 0.000000 1.000000 -0.000000
vn -0.132005 0.000000 0.991249
vn 0.991249 0.000000 0.132005
vn 0.132005 0.000000 -0.991249
vn -0.991249 0.000000 -0.132005
# 6 vertex normals

vt 1.000000 0.000000 0.000000
vt 1.000000 1.000000 0.000000
vt 0.000000 1.000000 0.000000
vt 0.000000 0.000000 0.000000
# 4 texture coords

g Box030
s 2
f -8/-4/-6 -6/-3/-6 -5/-2/-6 -7/-1/-6 
s 4
f -4/-1/-5 -3/-4/-5 -1/-3/-5 -2/-2/-5 
s 8
f -8/-1/-4 -7/-4/-4 -3/-3/-4 -4/-2/-4 
s 16
f -7/-1/-3 -5/-4/-3 -1/-3/-3 -3/-2/-3 
s 32
f -5/-1/-2 -6/-4/-2 -2/-3/-2 -1/-2/-2 
s 64
f -6/-1/-1 -8/-4/-1 -4/-3/-1 -2/-2/-1 
# 6 polygons

#
# object Box029
#

v  65.905998 0.119740 22.695885
v  84.580246 0.119740 25.182743
v  67.224792 0.119740 12.792873
v  85.899040 0.119740 15.279731
v  65.905998 2.369967 22.695885
v  84.580246 2.369967 25.182743
v  67.224792 2.369967 12.792873
v  85.899040 2.369967 15.279731
# 8 vertices

vn 0.000000 -1.000000 -0.000000
vn 0.000000 1.000000 -0.000000
vn -0.132005 0.000000 0.991249
vn 0.991249 0.000000 0.132005
vn 0.132005 0.000000 -0.991249
vn -0.991249 0.000000 -0.132005
# 6 vertex normals

vt 1.000000 0.000000 0.000000
vt 1.000000 1.000000 0.000000
vt 0.000000 1.000000 0.000000
vt 0.000000 0.000000 0.000000
# 4 texture coords

g Box029
s 2
f -8/-4/-6 -6/-3/-6 -5/-2/-6 -7/-1/-6 
s 4
f -4/-1/-5 -3/-4/-5 -1/-3/-5 -2/-2/-5 
s 8
f -8/-1/-4 -7/-4/-4 -3/-3/-4 -4/-2/-4 
s 16
f -7/-1/-3 -5/-4/-3 -1/-3/-3 -3/-2/-3 
s 32
f -5/-1/-2 -6/-4/-2 -2/-3/-2 -1/-2/-2 
s 64
f -6/-1/-1 -8/-4/-1 -4/-3/-1 -2/-2/-1 
# 6 polygons

#
# object Box039
#

v  -86.531250 0.119740 -5.169423
v  -105.262390 0.119740 -7.183507
v  -85.463181 0.119740 -15.102605
v  -104.194321 0.119740 -17.116688
v  -86.531250 2.369967 -5.169423
v  -105.262390 2.369967 -7.183507
v  -85.463181 2.369967 -15.102605
v  -104.194321 2.369967 -17.116688
# 8 vertices

vn 0.000000 -1.000000 -0.000000
vn 0.000000 1.000000 -0.000000
vn -0.106910 0.000000 0.994269
vn -0.994269 0.000000 -0.106910
vn 0.106910 0.000000 -0.994269
vn 0.994269 0.000000 0.106910
# 6 vertex normals

vt 1.000000 0.000000 0.000000
vt 1.000000 1.000000 0.000000
vt 0.000000 1.000000 0.000000
vt 0.000000 0.000000 0.000000
# 4 texture coords

g Box039
s 2
f -7/-1/-6 -5/-2/-6 -6/-3/-6 -8/-4/-6 
s 4
f -2/-2/-5 -1/-3/-5 -3/-4/-5 -4/-1/-5 
s 8
f -4/-2/-4 -3/-3/-4 -7/-4/-4 -8/-1/-4 
s 16
f -3/-2/-3 -1/-3/-3 -5/-4/-3 -7/-1/-3 
s 32
f -1/-2/-2 -2/-3/-2 -6/-4/-2 -5/-1/-2 
s 64
f -2/-2/-1 -4/-3/-1 -8/-4/-1 -6/-1/-1 
# 6 polygons

#
# object Box040
#

v  -46.798702 0.119740 9.348203
v  -65.637794 0.119740 9.327847
v  -46.787907 0.119740 -0.642228
v  -65.627007 0.119740 -0.662583
v  -46.798702 2.369967 9.348203
v  -65.637794 2.369967 9.327847
v  -46.787907 2.369967 -0.642228
v  -65.627007 2.369967 -0.662583
# 8 vertices

vn 0.000000 -1.000000 -0.000000
vn 0.000000 1.000000 -0.000000
vn -0.001080 0.000000 0.999999
vn -0.999999 0.000000 -0.001080
vn 0.001080 0.000000 -0.999999
vn 0.999999 0.000000 0.001080
# 6 vertex normals

vt 1.000000 0.000000 0.000000
vt 1.000000 1.000000 0.000000
vt 0.000000 1.000000 0.000000
vt 0.000000 0.000000 0.000000
# 4 texture coords

g Box040
s 2
f -7/-1/-6 -5/-2/-6 -6/-3/-6 -8/-4/-6 
s 4
f -2/-2/-5 -1/-3/-5 -3/-4/-5 -4/-1/-5 
s 8
f -4/-2/-4 -3/-3/-4 -7/-4/-4 -8/-1/-4 
s 16
f -3/-2/-3 -1/-3/-3 -5/-4/-3 -7/-1/-3 
s 32
f -1/-2/-2 -2/-3/-2 -6/-4/-2 -5/-1/-2 
s 64
f -2/-2/-1 -4/-3/-1 -8/-4/-1 -6/-1/-1 
# 6 polygons

#
# object Box041
#

v  -46.477859 0.119740 20.087261
v  -65.152107 0.119740 22.574120
v  -47.796646 0.119740 10.184250
v  -66.470894 0.119740 12.671107
v  -46.477859 2.369967 20.087261
v  -65.152107 2.369967 22.574120
v  -47.796646 2.369967 10.184250
v  -66.470894 2.369967 12.671107
# 8 vertices

vn 0.000000 -1.000000 -0.000000
vn 0.000000 1.000000 -0.000000
vn 0.132005 0.000000 0.991249
vn -0.991249 0.000000 0.132005
vn -0.132005 0.000000 -0.991249
vn 0.991249 0.000000 -0.132005
# 6 vertex normals

vt 1.000000 0.000000 0.000000
vt 1.000000 1.000000 0.000000
vt 0.000000 1.000000 0.000000
vt 0.000000 0.000000 0.000000
# 4 texture coords

g Box041
s 2
f -7/-1/-6 -5/-2/-6 -6/-3/-6 -8/-4/-6 
s 4
f -2/-2/-5 -1/-3/-5 -3/-4/-5 -4/-1/-5 
s 8
f -4/-2/-4 -3/-3/-4 -7/-4/-4 -8/-1/-4 
s 16
f -3/-2/-3 -1/-3/-3 -5/-4/-3 -7/-1/-3 
s 32
f -1/-2/-2 -2/-3/-2 -6/-4/-2 -5/-1/-2 
s 64
f -2/-2/-1 -4/-3/-1 -8/-4/-1 -6/-1/-1 
# 6 polygons

#
# object Box042
#

v  -47.546455 0.119740 -1.020151
v  -66.277596 0.119740 -3.034234
v  -46.478378 0.119740 -10.953333
v  -65.209518 0.119740 -12.967417
v  -47.546455 2.369967 -1.020151
v  -66.277596 2.369967 -3.034234
v  -46.478378 2.369967 -10.953333
v  -65.209518 2.369967 -12.967417
# 8 vertices

vn 0.000000 -1.000000 -0.000000
vn 0.000000 1.000000 -0.000000
vn -0.106910 0.000000 0.994269
vn -0.994269 0.000000 -0.106910
vn 0.106910 0.000000 -0.994269
vn 0.994269 0.000000 0.106910
# 6 vertex normals

vt 1.000000 0.000000 0.000000
vt 1.000000 1.000000 0.000000
vt 0.000000 1.000000 0.000000
vt 0.000000 0.000000 0.000000
# 4 texture coords

g Box042
s 2
f -7/-1/-6 -5/-2/-6 -6/-3/-6 -8/-4/-6 
s 4
f -2/-2/-5 -1/-3/-5 -3/-4/-5 -4/-1/-5 
s 8
f -4/-2/-4 -3/-3/-4 -7/-4/-4 -8/-1/-4 
s 16
f -3/-2/-3 -1/-3/-3 -5/-4/-3 -7/-1/-3 
s 32
f -1/-2/-2 -2/-3/-2 -6/-4/-2 -5/-1/-2 
s 64
f -2/-2/-1 -4/-3/-1 -8/-4/-1 -6/-1/-1 
# 6 polygons

#
# object Box043
#

v  -67.038849 0.119740 -3.094787
v  -85.769989 0.119740 -5.108871
v  -65.970779 0.119740 -13.027968
v  -84.701920 0.119740 -15.042052
v  -67.038849 2.369967 -3.094787
v  -85.769989 2.369967 -5.108871
v  -65.970779 2.369967 -13.027968
v  -84.701920 2.369967 -15.042052
# 8 vertices

vn 0.000000 -1.000000 -0.000000
vn 0.000000 1.000000 -0.000000
vn -0.106910 0.000000 0.994269
vn -0.994269 0.000000 -0.106910
vn 0.106910 0.000000 -0.994269
vn 0.994269 0.000000 0.106910
# 6 vertex normals

vt 1.000000 0.000000 0.000000
vt 1.000000 1.000000 0.000000
vt 0.000000 1.000000 0.000000
vt 0.000000 0.000000 0.000000
# 4 texture coords

g Box043
s 2
f -7/-1/-6 -5/-2/-6 -6/-3/-6 -8/-4/-6 
s 4
f -2/-2/-5 -1/-3/-5 -3/-4/-5 -4/-1/-5 
s 8
f -4/-2/-4 -3/-3/-4 -7/-4/-4 -8/-1/-4 
s 16
f -3/-2/-3 -1/-3/-3 -5/-4/-3 -7/-1/-3 
s 32
f -1/-2/-2 -2/-3/-2 -6/-4/-2 -5/-1/-2 
s 64
f -2/-2/-1 -4/-3/-1 -8/-4/-1 -6/-1/-1 
# 6 polygons

#
# object Box044
#

v  -80.433769 0.119740 5.532003
